     x        u       v
   0.0010000000    0.017882392   0.0089502117
   0.0020000000    0.026724583    0.017801417
   0.0030000000    0.035468754    0.026554603
   0.0040000000    0.044115880    0.035210742
   0.0050000000    0.052666928    0.043770802
   0.0060000000    0.061122852    0.052235739
   0.0070000000    0.069484600    0.060606498
   0.0080000000    0.077753109    0.068884017
   0.0090000000    0.085929306    0.077069223
    0.010000000    0.094014110    0.085163036
    0.011000000     0.10200843    0.093166364
    0.012000000     0.10991317     0.10108011
    0.013000000     0.11772921     0.10890516
    0.014000000     0.12545745     0.11664240
    0.015000000     0.13309875     0.12429270
    0.016000000     0.14065398     0.13185694
    0.017000000     0.14812399     0.13933596
    0.018000000     0.15550964     0.14673061
    0.019000000     0.16281176     0.15404173
    0.020000000     0.17003118     0.16127015
    0.021000000     0.17716873     0.16841671
    0.022000000     0.18422523     0.17548220
    0.023000000     0.19120147     0.18246744
    0.024000000     0.19809826     0.18937323
    0.025000000     0.20491638     0.19620035
    0.026000000     0.21165663     0.20294959
    0.027000000     0.21831977     0.20962173
    0.028000000     0.22490657     0.21621753
    0.029000000     0.23141779     0.22273775
    0.030000000     0.23785419     0.22918314
    0.031000000     0.24421651     0.23555445
    0.032000000     0.25050548     0.24185242
    0.033000000     0.25672183     0.24807776
    0.034000000     0.26286630     0.25423122
    0.035000000     0.26893958     0.26031350
    0.036000000     0.27494240     0.26632531
    0.037000000     0.28087545     0.27226735
    0.038000000     0.28673943     0.27814032
    0.039000000     0.29253502     0.28394490
    0.040000000     0.29826290     0.28968177
    0.041000000     0.30392376     0.29535161
    0.042000000     0.30951824     0.30095509
    0.043000000     0.31504703     0.30649286
    0.044000000     0.32051076     0.31196558
    0.045000000     0.32591009     0.31737389
    0.046000000     0.33124565     0.32271844
    0.047000000     0.33651809     0.32799987
    0.048000000     0.34172803     0.33321879
    0.049000000     0.34687609     0.33837583
    0.050000000     0.35196288     0.34347161
    0.051000000     0.35698903     0.34850674
    0.052000000     0.36195512     0.35348181
    0.053000000     0.36686176     0.35839744
    0.054000000     0.37170954     0.36325420
    0.055000000     0.37649905     0.36805269
    0.056000000     0.38123086     0.37279348
    0.057000000     0.38590555     0.37747715
    0.058000000     0.39052369     0.38210427
    0.059000000     0.39508584     0.38667539
    0.060000000     0.39959255     0.39119109
    0.061000000     0.40404439     0.39565190
    0.062000000     0.40844189     0.40005838
    0.063000000     0.41278559     0.40441106
    0.064000000     0.41707603     0.40871048
    0.065000000     0.42131375     0.41295717
    0.066000000     0.42549926     0.41715166
    0.067000000     0.42963309     0.42129446
    0.068000000     0.43371574     0.42538609
    0.069000000     0.43774774     0.42942706
    0.070000000     0.44172957     0.43341787
    0.071000000     0.44566175     0.43735903
    0.072000000     0.44954477     0.44125101
    0.073000000     0.45337910     0.44509432
    0.074000000     0.45716525     0.44888944
    0.075000000     0.46090369     0.45263685
    0.076000000     0.46459489     0.45633702
    0.077000000     0.46823932     0.45999043
    0.078000000     0.47183745     0.46359753
    0.079000000     0.47538974     0.46715879
    0.080000000     0.47889665     0.47067467
    0.081000000     0.48235862     0.47414561
    0.082000000     0.48577611     0.47757207
    0.083000000     0.48914955     0.48095448
    0.084000000     0.49247939     0.48429329
    0.085000000     0.49576606     0.48758893
    0.086000000     0.49900998     0.49084182
    0.087000000     0.50221160     0.49405240
    0.088000000     0.50537131     0.49722108
    0.089000000     0.50848955     0.50034829
    0.090000000     0.51156672     0.50343443
    0.091000000     0.51460323     0.50647991
    0.092000000     0.51759950     0.50948514
    0.093000000     0.52055591     0.51245051
    0.094000000     0.52347286     0.51537643
    0.095000000     0.52635075     0.51826329
    0.096000000     0.52918997     0.52111147
    0.097000000     0.53199090     0.52392137
    0.098000000     0.53475392     0.52669335
    0.099000000     0.53747941     0.52942780
     0.10000000     0.54016774     0.53212510
     0.10100000     0.54281928     0.53478561
     0.10200000     0.54543441     0.53740969
     0.10300000     0.54801347     0.53999772
     0.10400000     0.55055683     0.54255004
     0.10500000     0.55306485     0.54506702
     0.10600000     0.55553787     0.54754900
     0.10700000     0.55797625     0.54999634
     0.10800000     0.56038032     0.55240938
     0.10900000     0.56275044     0.55478845
     0.11000000     0.56508693     0.55713391
     0.11100000     0.56739014     0.55944608
     0.11200000     0.56966039     0.56172529
     0.11300000     0.57189801     0.56397187
     0.11400000     0.57410334     0.56618615
     0.11500000     0.57627667     0.56836845
     0.11600000     0.57841835     0.57051909
     0.11700000     0.58052867     0.57263837
     0.11800000     0.58260796     0.57472662
     0.11900000     0.58465653     0.57678414
     0.12000000     0.58667467     0.57881124
     0.12100000     0.58866269     0.58080821
     0.12200000     0.59062089     0.58277537
     0.12300000     0.59254956     0.58471301
     0.12400000     0.59444901     0.58662141
     0.12500000     0.59631952     0.58850088
     0.12600000     0.59816138     0.59035169
     0.12700000     0.59997487     0.59217414
     0.12800000     0.60176028     0.59396851
     0.12900000     0.60351789     0.59573507
     0.13000000     0.60524797     0.59747411
     0.13100000     0.60695080     0.59918589
     0.13200000     0.60862664     0.60087069
     0.13300000     0.61027577     0.60252878
     0.13400000     0.61189846     0.60416042
     0.13500000     0.61349495     0.60576587
     0.13600000     0.61506553     0.60734540
     0.13700000     0.61661044     0.60889926
     0.13800000     0.61812994     0.61042771
     0.13900000     0.61962428     0.61193101
     0.14000000     0.62109371     0.61340939
     0.14100000     0.62253848     0.61486312
     0.14200000     0.62395884     0.61629243
     0.14300000     0.62535503     0.61769757
     0.14400000     0.62672728     0.61907878
     0.14500000     0.62807585     0.62043629
     0.14600000     0.62940095     0.62177035
     0.14700000     0.63070284     0.62308119
     0.14800000     0.63198173     0.62436903
     0.14900000     0.63323785     0.62563411
     0.15000000     0.63447144     0.62687665
     0.15100000     0.63568272     0.62809688
     0.15200000     0.63687190     0.62929501
     0.15300000     0.63803922     0.63047128
     0.15400000     0.63918488     0.63162589
     0.15500000     0.64030910     0.63275906
     0.15600000     0.64141210     0.63387101
     0.15700000     0.64249408     0.63496195
     0.15800000     0.64355526     0.63603207
     0.15900000     0.64459584     0.63708161
     0.16000000     0.64561603     0.63811075
     0.16100000     0.64661603     0.63911970
     0.16200000     0.64759604     0.64010866
     0.16300000     0.64855626     0.64107783
     0.16400000     0.64949689     0.64202740
     0.16500000     0.65041812     0.64295758
     0.16600000     0.65132015     0.64386856
     0.16700000     0.65220316     0.64476052
     0.16800000     0.65306735     0.64563365
     0.16900000     0.65391289     0.64648815
     0.17000000     0.65473999     0.64732419
     0.17100000     0.65554882     0.64814197
     0.17200000     0.65633956     0.64894166
     0.17300000     0.65711240     0.64972344
     0.17400000     0.65786751     0.65048750
     0.17500000     0.65860506     0.65123400
     0.17600000     0.65932524     0.65196313
     0.17700000     0.66002821     0.65267505
     0.17800000     0.66071415     0.65336993
     0.17900000     0.66138323     0.65404796
     0.18000000     0.66203561     0.65470928
     0.18100000     0.66267146     0.65535408
     0.18200000     0.66329094     0.65598251
     0.18300000     0.66389423     0.65659474
     0.18400000     0.66448147     0.65719093
     0.18500000     0.66505283     0.65777123
     0.18600000     0.66560846     0.65833581
     0.18700000     0.66614853     0.65888483
     0.18800000     0.66667319     0.65941843
     0.18900000     0.66718258     0.65993677
     0.19000000     0.66767687     0.66044001
     0.19100000     0.66815620     0.66092828
     0.19200000     0.66862073     0.66140175
     0.19300000     0.66907059     0.66186056
     0.19400000     0.66950594     0.66230486
     0.19500000     0.66992692     0.66273478
     0.19600000     0.67033367     0.66315048
     0.19700000     0.67072634     0.66355209
     0.19800000     0.67110506     0.66393975
     0.19900000     0.67146997     0.66431361
     0.20000000     0.67182121     0.66467380
     0.20100000     0.67215892     0.66502045
     0.20200000     0.67248324     0.66535371
     0.20300000     0.67279428     0.66567370
     0.20400000     0.67309219     0.66598055
     0.20500000     0.67337710     0.66627440
     0.20600000     0.67364914     0.66655538
     0.20700000     0.67390843     0.66682362
     0.20800000     0.67415510     0.66707923
     0.20900000     0.67438928     0.66732235
     0.21000000     0.67461109     0.66755311
     0.21100000     0.67482065     0.66777161
     0.21200000     0.67501809     0.66797800
     0.21300000     0.67520353     0.66817238
     0.21400000     0.67537708     0.66835487
     0.21500000     0.67553887     0.66852560
     0.21600000     0.67568901     0.66868469
     0.21700000     0.67582762     0.66883223
     0.21800000     0.67595481     0.66896837
     0.21900000     0.67607069     0.66909319
     0.22000000     0.67617539     0.66920683
     0.22100000     0.67626900     0.66930938
     0.22200000     0.67635164     0.66940097
     0.22300000     0.67642342     0.66948169
     0.22400000     0.67648445     0.66955167
     0.22500000     0.67653484     0.66961099
     0.22600000     0.67657468     0.66965978
     0.22700000     0.67660409     0.66969813
     0.22800000     0.67662317     0.66972614
     0.22900000     0.67663202     0.66974393
     0.23000000     0.67663074     0.66975160
     0.23100000     0.67661943     0.66974924
     0.23200000     0.67659820     0.66973695
     0.23300000     0.67656715     0.66971483
     0.23400000     0.67652636     0.66968299
     0.23500000     0.67647594     0.66964151
     0.23600000     0.67641598     0.66959049
     0.23700000     0.67634659     0.66953003
     0.23800000     0.67626784     0.66946023
     0.23900000     0.67617984     0.66938117
     0.24000000     0.67608267     0.66929294
     0.24100000     0.67597644     0.66919565
     0.24200000     0.67586122     0.66908937
     0.24300000     0.67573711     0.66897420
     0.24400000     0.67560420     0.66885023
     0.24500000     0.67546257     0.66871754
     0.24600000     0.67531231     0.66857622
     0.24700000     0.67515351     0.66842635
     0.24800000     0.67498624     0.66826803
     0.24900000     0.67481061     0.66810134
     0.25000000     0.67462668     0.66792635
     0.25100000     0.67443455     0.66774316
     0.25200000     0.67423429     0.66755183
     0.25300000     0.67402598     0.66735247
     0.25400000     0.67380970     0.66714513
     0.25500000     0.67358554     0.66692991
     0.25600000     0.67335358     0.66670688
     0.25700000     0.67311388     0.66647612
     0.25800000     0.67286652     0.66623771
     0.25900000     0.67261159     0.66599172
     0.26000000     0.67234916     0.66573823
     0.26100000     0.67207930     0.66547731
     0.26200000     0.67180209     0.66520903
     0.26300000     0.67151760     0.66493348
     0.26400000     0.67122590     0.66465072
     0.26500000     0.67092706     0.66436082
     0.26600000     0.67062116     0.66406385
     0.26700000     0.67030826     0.66375990
     0.26800000     0.66998844     0.66344901
     0.26900000     0.66966176     0.66313127
     0.27000000     0.66932829     0.66280675
     0.27100000     0.66898811     0.66247550
     0.27200000     0.66864127     0.66213759
     0.27300000     0.66828784     0.66179310
     0.27400000     0.66792789     0.66144209
     0.27500000     0.66756148     0.66108462
     0.27600000     0.66718868     0.66072076
     0.27700000     0.66680955     0.66035057
     0.27800000     0.66642416     0.65997411
     0.27900000     0.66603256     0.65959145
     0.28000000     0.66563482     0.65920265
     0.28100000     0.66523099     0.65880776
     0.28200000     0.66482115     0.65840686
     0.28300000     0.66440535     0.65799999
     0.28400000     0.66398364     0.65758723
     0.28500000     0.66355610     0.65716862
     0.28600000     0.66312277     0.65674422
     0.28700000     0.66268371     0.65631410
     0.28800000     0.66223898     0.65587831
     0.28900000     0.66178864     0.65543691
     0.29000000     0.66133274     0.65498995
     0.29100000     0.66087133     0.65453748
     0.29200000     0.66040449     0.65407957
     0.29300000     0.65993224     0.65361626
     0.29400000     0.65945466     0.65314762
     0.29500000     0.65897179     0.65267369
     0.29600000     0.65848369     0.65219452
     0.29700000     0.65799040     0.65171017
     0.29800000     0.65749199     0.65122070
     0.29900000     0.65698849     0.65072614
     0.30000000     0.65647997     0.65022655
     0.30100000     0.65596647     0.64972199
     0.30200000     0.65544804     0.64921249
     0.30300000     0.65492473     0.64869812
     0.30400000     0.65439658     0.64817891
     0.30500000     0.65386366     0.64765492
     0.30600000     0.65332599     0.64712620
     0.30700000     0.65278364     0.64659278
     0.30800000     0.65223665     0.64605473
     0.30900000     0.65168506     0.64551207
     0.31000000     0.65112892     0.64496487
     0.31100000     0.65056828     0.64441316
     0.31200000     0.65000317     0.64385700
     0.31300000     0.64943365     0.64329641
     0.31400000     0.64885976     0.64273146
     0.31500000     0.64828154     0.64216217
     0.31600000     0.64769904     0.64158861
     0.31700000     0.64711229     0.64101079
     0.31800000     0.64652134     0.64042878
     0.31900000     0.64592623     0.63984261
     0.32000000     0.64532701     0.63925232
     0.32100000     0.64472371     0.63865796
     0.32200000     0.64411637     0.63805956
     0.32300000     0.64350504     0.63745717
     0.32400000     0.64288976     0.63685081
     0.32500000     0.64227055     0.63624055
     0.32600000     0.64164747     0.63562640
     0.32700000     0.64102055     0.63500842
     0.32800000     0.64038983     0.63438663
     0.32900000     0.63975535     0.63376109
     0.33000000     0.63911714     0.63313181
     0.33100000     0.63847524     0.63249885
     0.33200000     0.63782969     0.63186224
     0.33300000     0.63718053     0.63122201
     0.33400000     0.63652779     0.63057821
     0.33500000     0.63587150     0.62993085
     0.33600000     0.63521171     0.62928000
     0.33700000     0.63454844     0.62862566
     0.33800000     0.63388173     0.62796789
     0.33900000     0.63321162     0.62730671
     0.34000000     0.63253813     0.62664217
     0.34100000     0.63186131     0.62597428
     0.34200000     0.63118119     0.62530309
     0.34300000     0.63049779     0.62462863
     0.34400000     0.62981116     0.62395093
     0.34500000     0.62912132     0.62327003
     0.34600000     0.62842830     0.62258595
     0.34700000     0.62773214     0.62189872
     0.34800000     0.62703287     0.62120839
     0.34900000     0.62633052     0.62051497
     0.35000000     0.62562512     0.61981851
     0.35100000     0.62491670     0.61911902
     0.35200000     0.62420529     0.61841655
     0.35300000     0.62349092     0.61771111
     0.35400000     0.62277362     0.61700274
     0.35500000     0.62205341     0.61629148
     0.35600000     0.62133034     0.61557734
     0.35700000     0.62060442     0.61486035
     0.35800000     0.61987568     0.61414055
     0.35900000     0.61914416     0.61341797
     0.36000000     0.61840988     0.61269262
     0.36100000     0.61767287     0.61196454
     0.36200000     0.61693315     0.61123376
     0.36300000     0.61619075     0.61050030
     0.36400000     0.61544570     0.60976418
     0.36500000     0.61469803     0.60902544
     0.36600000     0.61394775     0.60828410
     0.36700000     0.61319491     0.60754019
     0.36800000     0.61243951     0.60679373
     0.36900000     0.61168159     0.60604475
     0.37000000     0.61092118     0.60529327
     0.37100000     0.61015829     0.60453932
     0.37200000     0.60939296     0.60378292
     0.37300000     0.60862520     0.60302410
     0.37400000     0.60785505     0.60226288
     0.37500000     0.60708251     0.60149928
     0.37600000     0.60630763     0.60073333
     0.37700000     0.60553042     0.59996505
     0.37800000     0.60475090     0.59919447
     0.37900000     0.60396910     0.59842160
     0.38000000     0.60318504     0.59764648
     0.38100000     0.60239874     0.59686912
     0.38200000     0.60161023     0.59608954
     0.38300000     0.60081953     0.59530777
     0.38400000     0.60002665     0.59452383
     0.38500000     0.59923163     0.59373774
     0.38600000     0.59843448     0.59294952
     0.38700000     0.59763522     0.59215920
     0.38800000     0.59683387     0.59136679
     0.38900000     0.59603046     0.59057231
     0.39000000     0.59522501     0.58977579
     0.39100000     0.59441753     0.58897725
     0.39200000     0.59360805     0.58817670
     0.39300000     0.59279658     0.58737417
     0.39400000     0.59198315     0.58656967
     0.39500000     0.59116777     0.58576323
     0.39600000     0.59035047     0.58495486
     0.39700000     0.58953126     0.58414459
     0.39800000     0.58871017     0.58333243
     0.39900000     0.58788720     0.58251840
     0.40000000     0.58706239     0.58170252
     0.40100000     0.58623575     0.58088481
     0.40200000     0.58540729     0.58006529
     0.40300000     0.58457703     0.57924397
     0.40400000     0.58374500     0.57842087
     0.40500000     0.58291121     0.57759601
     0.40600000     0.58207568     0.57676941
     0.40700000     0.58123842     0.57594109
     0.40800000     0.58039945     0.57511106
     0.40900000     0.57955880     0.57427934
     0.41000000     0.57871647     0.57344594
     0.41100000     0.57787248     0.57261088
     0.41200000     0.57702685     0.57177419
     0.41300000     0.57617960     0.57093587
     0.41400000     0.57533073     0.57009594
     0.41500000     0.57448028     0.56925442
     0.41600000     0.57362825     0.56841133
     0.41700000     0.57277466     0.56756667
     0.41800000     0.57191952     0.56672047
     0.41900000     0.57106286     0.56587274
     0.42000000     0.57020468     0.56502349
     0.42100000     0.56934500     0.56417275
     0.42200000     0.56848383     0.56332051
     0.42300000     0.56762120     0.56246681
     0.42400000     0.56675711     0.56161166
     0.42500000     0.56589158     0.56075506
     0.42600000     0.56502462     0.55989704
     0.42700000     0.56415625     0.55903760
     0.42800000     0.56328648     0.55817677
     0.42900000     0.56241533     0.55731455
     0.43000000     0.56154281     0.55645096
     0.43100000     0.56066893     0.55558602
     0.43200000     0.55979371     0.55471973
     0.43300000     0.55891715     0.55385211
     0.43400000     0.55803928     0.55298318
     0.43500000     0.55716011     0.55211294
     0.43600000     0.55627965     0.55124141
     0.43700000     0.55539791     0.55036860
     0.43800000     0.55451490     0.54949453
     0.43900000     0.55363064     0.54861920
     0.44000000     0.55274514     0.54774264
     0.44100000     0.55185841     0.54686484
     0.44200000     0.55097047     0.54598583
     0.44300000     0.55008133     0.54510562
     0.44400000     0.54919099     0.54422422
     0.44500000     0.54829947     0.54334164
     0.44600000     0.54740679     0.54245789
     0.44700000     0.54651295     0.54157298
     0.44800000     0.54561796     0.54068693
     0.44900000     0.54472184     0.53979974
     0.45000000     0.54382460     0.53891143
     0.45100000     0.54292625     0.53802202
     0.45200000     0.54202680     0.53713150
     0.45300000     0.54112626     0.53623989
     0.45400000     0.54022464     0.53534721
     0.45500000     0.53932195     0.53445345
     0.45600000     0.53841821     0.53355864
     0.45700000     0.53751342     0.53266279
     0.45800000     0.53660759     0.53176590
     0.45900000     0.53570074     0.53086798
     0.46000000     0.53479288     0.52996905
     0.46100000     0.53388401     0.52906911
     0.46200000     0.53297414     0.52816818
     0.46300000     0.53206329     0.52726626
     0.46400000     0.53115146     0.52636337
     0.46500000     0.53023867     0.52545951
     0.46600000     0.52932492     0.52455469
     0.46700000     0.52841023     0.52364893
     0.46800000     0.52749459     0.52274223
     0.46900000     0.52657803     0.52183461
     0.47000000     0.52566055     0.52092606
     0.47100000     0.52474216     0.52001661
     0.47200000     0.52382288     0.51910625
     0.47300000     0.52290270     0.51819500
     0.47400000     0.52198163     0.51728287
     0.47500000     0.52105969     0.51636987
     0.47600000     0.52013689     0.51545600
     0.47700000     0.51921323     0.51454128
     0.47800000     0.51828873     0.51362570
     0.47900000     0.51736338     0.51270929
     0.48000000     0.51643720     0.51179204
     0.48100000     0.51551020     0.51087398
     0.48200000     0.51458239     0.50995510
     0.48300000     0.51365376     0.50903541
     0.48400000     0.51272434     0.50811492
     0.48500000     0.51179413     0.50719364
     0.48600000     0.51086314     0.50627158
     0.48700000     0.50993137     0.50534874
     0.48800000     0.50899883     0.50442514
     0.48900000     0.50806553     0.50350078
     0.49000000     0.50713148     0.50257566
     0.49100000     0.50619669     0.50164980
     0.49200000     0.50526116     0.50072321
     0.49300000     0.50432490     0.49979588
     0.49400000     0.50338792     0.49886783
     0.49500000     0.50245022     0.49793906
     0.49600000     0.50151181     0.49700959
     0.49700000     0.50057270     0.49607942
     0.49800000     0.49963290     0.49514855
     0.49900000     0.49869241     0.49421699
     0.50000000     0.49775124     0.49328475
     0.50100000     0.49680940     0.49235184
     0.50200000     0.49586688     0.49141826
     0.50300000     0.49492371     0.49048403
     0.50400000     0.49397989     0.48954913
     0.50500000     0.49303541     0.48861359
     0.50600000     0.49209030     0.48767741
     0.50700000     0.49114455     0.48674060
     0.50800000     0.49019817     0.48580315
     0.50900000     0.48925118     0.48486509
     0.51000000     0.48830356     0.48392641
     0.51100000     0.48735534     0.48298712
     0.51200000     0.48640651     0.48204722
     0.51300000     0.48545708     0.48110673
     0.51400000     0.48450707     0.48016565
     0.51500000     0.48355646     0.47922398
     0.51600000     0.48260528     0.47828173
     0.51700000     0.48165352     0.47733890
     0.51800000     0.48070120     0.47639551
     0.51900000     0.47974831     0.47545156
     0.52000000     0.47879486     0.47450704
     0.52100000     0.47784087     0.47356198
     0.52200000     0.47688632     0.47261637
     0.52300000     0.47593124     0.47167022
     0.52400000     0.47497562     0.47072353
     0.52500000     0.47401947     0.46977632
     0.52600000     0.47306280     0.46882858
     0.52700000     0.47210560     0.46788032
     0.52800000     0.47114789     0.46693154
     0.52900000     0.47018968     0.46598226
     0.53000000     0.46923095     0.46503247
     0.53100000     0.46827173     0.46408218
     0.53200000     0.46731202     0.46313140
     0.53300000     0.46635182     0.46218013
     0.53400000     0.46539113     0.46122837
     0.53500000     0.46442996     0.46027614
     0.53600000     0.46346832     0.45932343
     0.53700000     0.46250620     0.45837025
     0.53800000     0.46154362     0.45741660
     0.53900000     0.46058058     0.45646250
     0.54000000     0.45961709     0.45550794
     0.54100000     0.45865314     0.45455292
     0.54200000     0.45768875     0.45359746
     0.54300000     0.45672391     0.45264156
     0.54400000     0.45575864     0.45168521
     0.54500000     0.45479293     0.45072844
     0.54600000     0.45382679     0.44977123
     0.54700000     0.45286022     0.44881360
     0.54800000     0.45189324     0.44785555
     0.54900000     0.45092584     0.44689708
     0.55000000     0.44995802     0.44593820
     0.55100000     0.44898980     0.44497891
     0.55200000     0.44802117     0.44401921
     0.55300000     0.44705214     0.44305912
     0.55400000     0.44608271     0.44209862
     0.55500000     0.44511290     0.44113774
     0.55600000     0.44414269     0.44017647
     0.55700000     0.44317210     0.43921481
     0.55800000     0.44220112     0.43825277
     0.55900000     0.44122977     0.43729035
     0.56000000     0.44025805     0.43632756
     0.56100000     0.43928596     0.43536440
     0.56200000     0.43831350     0.43440087
     0.56300000     0.43734068     0.43343698
     0.56400000     0.43636749     0.43247274
     0.56500000     0.43539396     0.43150813
     0.56600000     0.43442007     0.43054318
     0.56700000     0.43344583     0.42957788
     0.56800000     0.43247125     0.42861223
     0.56900000     0.43149633     0.42764624
     0.57000000     0.43052107     0.42667991
     0.57100000     0.42954548     0.42571325
     0.57200000     0.42856955     0.42474626
     0.57300000     0.42759330     0.42377894
     0.57400000     0.42661672     0.42281129
     0.57500000     0.42563982     0.42184332
     0.57600000     0.42466260     0.42087504
     0.57700000     0.42368506     0.41990644
     0.57800000     0.42270722     0.41893753
     0.57900000     0.42172906     0.41796830
     0.58000000     0.42075060     0.41699878
     0.58100000     0.41977184     0.41602895
     0.58200000     0.41879278     0.41505882
     0.58300000     0.41781342     0.41408839
     0.58400000     0.41683377     0.41311767
     0.58500000     0.41585382     0.41214666
     0.58600000     0.41487359     0.41117536
     0.58700000     0.41389307     0.41020378
     0.58800000     0.41291227     0.40923191
     0.58900000     0.41193119     0.40825976
     0.59000000     0.41094984     0.40728734
     0.59100000     0.40996821     0.40631464
     0.59200000     0.40898631     0.40534168
     0.59300000     0.40800414     0.40436844
     0.59400000     0.40702170     0.40339494
     0.59500000     0.40603900     0.40242117
     0.59600000     0.40505604     0.40144715
     0.59700000     0.40407283     0.40047286
     0.59800000     0.40308935     0.39949832
     0.59900000     0.40210563     0.39852353
     0.60000000     0.40112165     0.39754849
     0.60100000     0.40013743     0.39657320
     0.60200000     0.39915296     0.39559766
     0.60300000     0.39816825     0.39462188
     0.60400000     0.39718330     0.39364586
     0.60500000     0.39619811     0.39266960
     0.60600000     0.39521268     0.39169311
     0.60700000     0.39422702     0.39071638
     0.60800000     0.39324113     0.38973943
     0.60900000     0.39225501     0.38876224
     0.61000000     0.39126866     0.38778483
     0.61100000     0.39028209     0.38680719
     0.61200000     0.38929530     0.38582933
     0.61300000     0.38830828     0.38485125
     0.61400000     0.38732105     0.38387295
     0.61500000     0.38633361     0.38289444
     0.61600000     0.38534595     0.38191571
     0.61700000     0.38435808     0.38093678
     0.61800000     0.38337000     0.37995763
     0.61900000     0.38238171     0.37897828
     0.62000000     0.38139322     0.37799872
     0.62100000     0.38040453     0.37701896
     0.62200000     0.37941563     0.37603899
     0.62300000     0.37842654     0.37505883
     0.62400000     0.37743725     0.37407847
     0.62500000     0.37644776     0.37309792
     0.62600000     0.37545808     0.37211717
     0.62700000     0.37446821     0.37113624
     0.62800000     0.37347815     0.37015511
     0.62900000     0.37248790     0.36917380
     0.63000000     0.37149747     0.36819230
     0.63100000     0.37050686     0.36721061
     0.63200000     0.36951606     0.36622875
     0.63300000     0.36852508     0.36524670
     0.63400000     0.36753392     0.36426448
     0.63500000     0.36654259     0.36328208
     0.63600000     0.36555108     0.36229951
     0.63700000     0.36455940     0.36131676
     0.63800000     0.36356755     0.36033384
     0.63900000     0.36257553     0.35935075
     0.64000000     0.36158334     0.35836750
     0.64100000     0.36059099     0.35738408
     0.64200000     0.35959847     0.35640049
     0.64300000     0.35860579     0.35541674
     0.64400000     0.35761294     0.35443283
     0.64500000     0.35661994     0.35344876
     0.64600000     0.35562678     0.35246453
     0.64700000     0.35463346     0.35148015
     0.64800000     0.35363999     0.35049561
     0.64900000     0.35264636     0.34951092
     0.65000000     0.35165258     0.34852607
     0.65100000     0.35065866     0.34754108
     0.65200000     0.34966458     0.34655593
     0.65300000     0.34867036     0.34557064
     0.65400000     0.34767599     0.34458520
     0.65500000     0.34668147     0.34359962
     0.65600000     0.34568681     0.34261390
     0.65700000     0.34469201     0.34162803
     0.65800000     0.34369707     0.34064202
     0.65900000     0.34270200     0.33965588
     0.66000000     0.34170678     0.33866960
     0.66100000     0.34071143     0.33768318
     0.66200000     0.33971594     0.33669662
     0.66300000     0.33872032     0.33570994
     0.66400000     0.33772457     0.33472312
     0.66500000     0.33672869     0.33373617
     0.66600000     0.33573268     0.33274909
     0.66700000     0.33473654     0.33176188
     0.66800000     0.33374027     0.33077455
     0.66900000     0.33274388     0.32978709
     0.67000000     0.33174736     0.32879951
     0.67100000     0.33075072     0.32781180
     0.67200000     0.32975396     0.32682397
     0.67300000     0.32875708     0.32583602
     0.67400000     0.32776008     0.32484795
     0.67500000     0.32676296     0.32385977
     0.67600000     0.32576572     0.32287146
     0.67700000     0.32476837     0.32188304
     0.67800000     0.32377090     0.32089451
     0.67900000     0.32277332     0.31990586
     0.68000000     0.32177562     0.31891710
     0.68100000     0.32077782     0.31792822
     0.68200000     0.31977990     0.31693924
     0.68300000     0.31878188     0.31595015
     0.68400000     0.31778374     0.31496095
     0.68500000     0.31678550     0.31397164
     0.68600000     0.31578716     0.31298223
     0.68700000     0.31478871     0.31199271
     0.68800000     0.31379015     0.31100309
     0.68900000     0.31279150     0.31001337
     0.69000000     0.31179274     0.30902354
     0.69100000     0.31079388     0.30803361
     0.69200000     0.30979492     0.30704359
     0.69300000     0.30879586     0.30605346
     0.69400000     0.30779670     0.30506324
     0.69500000     0.30679745     0.30407292
     0.69600000     0.30579810     0.30308250
     0.69700000     0.30479866     0.30209199
     0.69800000     0.30379912     0.30110139
     0.69900000     0.30279949     0.30011069
     0.70000000     0.30179976     0.29911990
     0.70100000     0.30079995     0.29812902
     0.70200000     0.29980005     0.29713805
     0.70300000     0.29880005     0.29614698
     0.70400000     0.29779997     0.29515583
     0.70500000     0.29679980     0.29416460
     0.70600000     0.29579954     0.29317327
     0.70700000     0.29479920     0.29218186
     0.70800000     0.29379877     0.29119037
     0.70900000     0.29279826     0.29019879
     0.71000000     0.29179767     0.28920713
     0.71100000     0.29079699     0.28821538
     0.71200000     0.28979623     0.28722356
     0.71300000     0.28879539     0.28623165
     0.71400000     0.28779447     0.28523966
     0.71500000     0.28679347     0.28424760
     0.71600000     0.28579239     0.28325545
     0.71700000     0.28479124     0.28226323
     0.71800000     0.28379000     0.28127093
     0.71900000     0.28278869     0.28027855
     0.72000000     0.28178731     0.27928610
     0.72100000     0.28078585     0.27829358
     0.72200000     0.27978432     0.27730098
     0.72300000     0.27878271     0.27630830
     0.72400000     0.27778103     0.27531556
     0.72500000     0.27677928     0.27432274
     0.72600000     0.27577746     0.27332985
     0.72700000     0.27477557     0.27233689
     0.72800000     0.27377361     0.27134387
     0.72900000     0.27277158     0.27035077
     0.73000000     0.27176948     0.26935760
     0.73100000     0.27076732     0.26836437
     0.73200000     0.26976508     0.26737107
     0.73300000     0.26876278     0.26637770
     0.73400000     0.26776042     0.26538427
     0.73500000     0.26675799     0.26439078
     0.73600000     0.26575550     0.26339722
     0.73700000     0.26475294     0.26240359
     0.73800000     0.26375032     0.26140990
     0.73900000     0.26274764     0.26041615
     0.74000000     0.26174489     0.25942234
     0.74100000     0.26074209     0.25842847
     0.74200000     0.25973922     0.25743454
     0.74300000     0.25873629     0.25644054
     0.74400000     0.25773331     0.25544649
     0.74500000     0.25673027     0.25445238
     0.74600000     0.25572716     0.25345821
     0.74700000     0.25472400     0.25246399
     0.74800000     0.25372079     0.25146970
     0.74900000     0.25271751     0.25047536
     0.75000000     0.25171419     0.24948097
     0.75100000     0.25071080     0.24848651
     0.75200000     0.24970736     0.24749201
     0.75300000     0.24870387     0.24649745
     0.75400000     0.24770032     0.24550283
     0.75500000     0.24669672     0.24450817
     0.75600000     0.24569307     0.24351345
     0.75700000     0.24468936     0.24251868
     0.75800000     0.24368561     0.24152385
     0.75900000     0.24268180     0.24052898
     0.76000000     0.24167794     0.23953405
     0.76100000     0.24067404     0.23853908
     0.76200000     0.23967008     0.23754405
     0.76300000     0.23866607     0.23654898
     0.76400000     0.23766202     0.23555386
     0.76500000     0.23665791     0.23455869
     0.76600000     0.23565376     0.23356347
     0.76700000     0.23464956     0.23256820
     0.76800000     0.23364532     0.23157289
     0.76900000     0.23264103     0.23057753
     0.77000000     0.23163669     0.22958213
     0.77100000     0.23063231     0.22858668
     0.77200000     0.22962788     0.22759119
     0.77300000     0.22862341     0.22659565
     0.77400000     0.22761890     0.22560007
     0.77500000     0.22661434     0.22460444
     0.77600000     0.22560974     0.22360877
     0.77700000     0.22460509     0.22261306
     0.77800000     0.22360041     0.22161731
     0.77900000     0.22259568     0.22062151
     0.78000000     0.22159091     0.21962568
     0.78100000     0.22058610     0.21862980
     0.78200000     0.21958125     0.21763388
     0.78300000     0.21857636     0.21663792
     0.78400000     0.21757143     0.21564192
     0.78500000     0.21656646     0.21464589
     0.78600000     0.21556145     0.21364981
     0.78700000     0.21455640     0.21265370
     0.78800000     0.21355131     0.21165754
     0.78900000     0.21254619     0.21066135
     0.79000000     0.21154103     0.20966512
     0.79100000     0.21053583     0.20866886
     0.79200000     0.20953059     0.20767255
     0.79300000     0.20852532     0.20667622
     0.79400000     0.20752001     0.20567984
     0.79500000     0.20651467     0.20468343
     0.79600000     0.20550929     0.20368699
     0.79700000     0.20450388     0.20269050
     0.79800000     0.20349843     0.20169399
     0.79900000     0.20249295     0.20069744
     0.80000000     0.20148743     0.19970086
     0.80100000     0.20048188     0.19870424
     0.80200000     0.19947630     0.19770759
     0.80300000     0.19847068     0.19671091
     0.80400000     0.19746504     0.19571419
     0.80500000     0.19645936     0.19471745
     0.80600000     0.19545364     0.19372067
     0.80700000     0.19444790     0.19272385
     0.80800000     0.19344212     0.19172701
     0.80900000     0.19243632     0.19073014
     0.81000000     0.19143048     0.18973323
     0.81100000     0.19042461     0.18873630
     0.81200000     0.18941872     0.18773934
     0.81300000     0.18841279     0.18674234
     0.81400000     0.18740683     0.18574532
     0.81500000     0.18640085     0.18474827
     0.81600000     0.18539483     0.18375118
     0.81700000     0.18438879     0.18275407
     0.81800000     0.18338272     0.18175694
     0.81900000     0.18237662     0.18075977
     0.82000000     0.18137049     0.17976257
     0.82100000     0.18036434     0.17876535
     0.82200000     0.17935816     0.17776810
     0.82300000     0.17835195     0.17677083
     0.82400000     0.17734571     0.17577353
     0.82500000     0.17633945     0.17477620
     0.82600000     0.17533316     0.17377884
     0.82700000     0.17432685     0.17278146
     0.82800000     0.17332051     0.17178405
     0.82900000     0.17231414     0.17078662
     0.83000000     0.17130775     0.16978917
     0.83100000     0.17030134     0.16879168
     0.83200000     0.16929490     0.16779418
     0.83300000     0.16828844     0.16679665
     0.83400000     0.16728195     0.16579909
     0.83500000     0.16627544     0.16480151
     0.83600000     0.16526890     0.16380391
     0.83700000     0.16426234     0.16280628
     0.83800000     0.16325576     0.16180864
     0.83900000     0.16224916     0.16081096
     0.84000000     0.16124253     0.15981327
     0.84100000     0.16023588     0.15881555
     0.84200000     0.15922921     0.15781781
     0.84300000     0.15822251     0.15682005
     0.84400000     0.15721580     0.15582227
     0.84500000     0.15620906     0.15482446
     0.84600000     0.15520230     0.15382664
     0.84700000     0.15419552     0.15282879
     0.84800000     0.15318872     0.15183092
     0.84900000     0.15218189     0.15083303
     0.85000000     0.15117505     0.14983512
     0.85100000     0.15016819     0.14883719
     0.85200000     0.14916131     0.14783924
     0.85300000     0.14815440     0.14684127
     0.85400000     0.14714748     0.14584328
     0.85500000     0.14614054     0.14484527
     0.85600000     0.14513358     0.14384724
     0.85700000     0.14412660     0.14284920
     0.85800000     0.14311960     0.14185113
     0.85900000     0.14211258     0.14085304
     0.86000000     0.14110554     0.13985494
     0.86100000     0.14009848     0.13885682
     0.86200000     0.13909141     0.13785867
     0.86300000     0.13808432     0.13686052
     0.86400000     0.13707721     0.13586234
     0.86500000     0.13607008     0.13486414
     0.86600000     0.13506294     0.13386593
     0.86700000     0.13405577     0.13286770
     0.86800000     0.13304860     0.13186946
     0.86900000     0.13204140     0.13087119
     0.87000000     0.13103419     0.12987291
     0.87100000     0.13002696     0.12887462
     0.87200000     0.12901971     0.12787630
     0.87300000     0.12801245     0.12687797
     0.87400000     0.12700517     0.12587963
     0.87500000     0.12599787     0.12488126
     0.87600000     0.12499056     0.12388289
     0.87700000     0.12398324     0.12288449
     0.87800000     0.12297589     0.12188608
     0.87900000     0.12196854     0.12088766
     0.88000000     0.12096116     0.11988922
     0.88100000     0.11995378     0.11889076
     0.88200000     0.11894637     0.11789229
     0.88300000     0.11793896     0.11689381
     0.88400000     0.11693152     0.11589531
     0.88500000     0.11592408     0.11489680
     0.88600000     0.11491662     0.11389827
     0.88700000     0.11390914     0.11289973
     0.88800000     0.11290165     0.11190117
     0.88900000     0.11189415     0.11090260
     0.89000000     0.11088663     0.10990402
     0.89100000     0.10987910     0.10890542
     0.89200000     0.10887156     0.10790681
     0.89300000     0.10786400     0.10690818
     0.89400000     0.10685643     0.10590955
     0.89500000     0.10584885     0.10491090
     0.89600000     0.10484125     0.10391223
     0.89700000     0.10383364     0.10291356
     0.89800000     0.10282602     0.10191487
     0.89900000     0.10181838     0.10091616
     0.90000000     0.10081074    0.099917450
     0.90100000    0.099803078    0.098918723
     0.90200000    0.098795406    0.097919985
     0.90300000    0.097787722    0.096921234
     0.90400000    0.096780026    0.095922471
     0.90500000    0.095772318    0.094923696
     0.90600000    0.094764599    0.093924909
     0.90700000    0.093756868    0.092926111
     0.90800000    0.092749125    0.091927302
     0.90900000    0.091741372    0.090928480
     0.91000000    0.090733606    0.089929648
     0.91100000    0.089725830    0.088930805
     0.91200000    0.088718043    0.087931950
     0.91300000    0.087710244    0.086933085
     0.91400000    0.086702435    0.085934208
     0.91500000    0.085694615    0.084935321
     0.91600000    0.084686784    0.083936423
     0.91700000    0.083678943    0.082937515
     0.91800000    0.082671092    0.081938597
     0.91900000    0.081663230    0.080939668
     0.92000000    0.080655358    0.079940729
     0.92100000    0.079647476    0.078941779
     0.92200000    0.078639584    0.077942820
     0.92300000    0.077631682    0.076943851
     0.92400000    0.076623770    0.075944872
     0.92500000    0.075615848    0.074945883
     0.92600000    0.074607917    0.073946885
     0.92700000    0.073599977    0.072947877
     0.92800000    0.072592027    0.071948860
     0.92900000    0.071584067    0.070949833
     0.93000000    0.070576098    0.069950798
     0.93100000    0.069568121    0.068951753
     0.93200000    0.068560134    0.067952699
     0.93300000    0.067552138    0.066953636
     0.93400000    0.066544133    0.065954564
     0.93500000    0.065536120    0.064955484
     0.93600000    0.064528098    0.063956394
     0.93700000    0.063520067    0.062957296
     0.93800000    0.062512028    0.061958190
     0.93900000    0.061503980    0.060959075
     0.94000000    0.060495924    0.059959952
     0.94100000    0.059487860    0.058960820
     0.94200000    0.058479787    0.057961681
     0.94300000    0.057471706    0.056962533
     0.94400000    0.056463618    0.055963377
     0.94500000    0.055455521    0.054964213
     0.94600000    0.054447417    0.053965042
     0.94700000    0.053439304    0.052965862
     0.94800000    0.052431184    0.051966675
     0.94900000    0.051423057    0.050967480
     0.95000000    0.050414921    0.049968278
     0.95100000    0.049406779    0.048969068
     0.95200000    0.048398629    0.047969851
     0.95300000    0.047390471    0.046970627
     0.95400000    0.046382307    0.045971395
     0.95500000    0.045374135    0.044972156
     0.95600000    0.044365956    0.043972910
     0.95700000    0.043357770    0.042973656
     0.95800000    0.042349577    0.041974396
     0.95900000    0.041341377    0.040975129
     0.96000000    0.040333170    0.039975855
     0.96100000    0.039324956    0.038976575
     0.96200000    0.038316736    0.037977287
     0.96300000    0.037308509    0.036977993
     0.96400000    0.036300276    0.035978692
     0.96500000    0.035292036    0.034979385
     0.96600000    0.034283789    0.033980072
     0.96700000    0.033275537    0.032980752
     0.96800000    0.032267277    0.031981426
     0.96900000    0.031259012    0.030982093
     0.97000000    0.030250740    0.029982754
     0.97100000    0.029242463    0.028983410
     0.97200000    0.028234179    0.027984059
     0.97300000    0.027225889    0.026984702
     0.97400000    0.026217594    0.025985339
     0.97500000    0.025209292    0.024985970
     0.97600000    0.024200985    0.023986596
     0.97700000    0.023192671    0.022987215
     0.97800000    0.022184352    0.021987829
     0.97900000    0.021176028    0.020988438
     0.98000000    0.020167698    0.019989040
     0.98100000    0.019159362    0.018989637
     0.98200000    0.018151021    0.017990229
     0.98300000    0.017142674    0.016990815
     0.98400000    0.016134322    0.015991396
     0.98500000    0.015125965    0.014991972
     0.98600000    0.014117602    0.013992542
     0.98700000    0.013109234    0.012993107
     0.98800000    0.012100861    0.011993667
     0.98900000    0.011092483    0.010994222
     0.99000000    0.010084100   0.0099947712
     0.99100000   0.0090757117   0.0089953159
     0.99200000   0.0080673185   0.0079958556
     0.99300000   0.0070589204   0.0069963903
     0.99400000   0.0060505174   0.0059969202
     0.99500000   0.0050421096   0.0049974453
     0.99600000   0.0040336971   0.0039979656
     0.99700000   0.0030252798   0.0029984812
     0.99800000   0.0020168578   0.0019989921
     0.99900000   0.0010084312  0.00099949832
      1.0000000      0.0000000  5.8885730E-18
