     x        u       v
   0.0010000000 -4.4959763E-07   0.0089502117
   0.0020000000  4.9679380E-05    0.017801417
   0.0030000000 -8.8929468E-07    0.026554603
   0.0040000000  4.9143763E-05    0.035210742
   0.0050000000 -1.3192872E-06    0.043770802
   0.0060000000  4.8617754E-05    0.052235739
   0.0070000000 -1.7397673E-06    0.060606498
   0.0080000000  4.8101163E-05    0.068884017
   0.0090000000 -2.1509235E-06    0.077069223
    0.010000000  4.7593803E-05    0.085163036
    0.011000000 -2.5529402E-06    0.093166364
    0.012000000  4.7095491E-05     0.10108011
    0.013000000 -2.9459985E-06     0.10890516
    0.014000000  4.6606049E-05     0.11664240
    0.015000000 -3.3302758E-06     0.12429270
    0.016000000  4.6125300E-05     0.13185694
    0.017000000 -3.7059460E-06     0.13933596
    0.018000000  4.5653073E-05     0.14673061
    0.019000000 -4.0731794E-06     0.15404173
    0.020000000  4.5189199E-05     0.16127015
    0.021000000 -4.4321431E-06     0.16841671
    0.022000000  4.4733512E-05     0.17548220
    0.023000000 -4.7830010E-06     0.18246744
    0.024000000  4.4285850E-05     0.18937323
    0.025000000 -5.1259134E-06     0.19620035
    0.026000000  4.3846055E-05     0.20294959
    0.027000000 -5.4610378E-06     0.20962173
    0.028000000  4.3413970E-05     0.21621753
    0.029000000 -5.7885283E-06     0.22273775
    0.030000000  4.2989443E-05     0.22918314
    0.031000000 -6.1085362E-06     0.23555445
    0.032000000  4.2572325E-05     0.24185242
    0.033000000 -6.4212095E-06     0.24807776
    0.034000000  4.2162468E-05     0.25423122
    0.035000000 -6.7266934E-06     0.26031350
    0.036000000  4.1759728E-05     0.26632531
    0.037000000 -7.0251305E-06     0.27226735
    0.038000000  4.1363966E-05     0.27814032
    0.039000000 -7.3166602E-06     0.28394490
    0.040000000  4.0975042E-05     0.28968177
    0.041000000 -7.6014192E-06     0.29535161
    0.042000000  4.0592821E-05     0.30095509
    0.043000000 -7.8795417E-06     0.30649286
    0.044000000  4.0217171E-05     0.31196558
    0.045000000 -8.1511590E-06     0.31737389
    0.046000000  3.9847962E-05     0.32271844
    0.047000000 -8.4164000E-06     0.32799987
    0.048000000  3.9485065E-05     0.33321879
    0.049000000 -8.6753909E-06     0.33837583
    0.050000000  3.9128356E-05     0.34347161
    0.051000000 -8.9282555E-06     0.34850674
    0.052000000  3.8777713E-05     0.35348181
    0.053000000 -9.1751151E-06     0.35839744
    0.054000000  3.8433014E-05     0.36325420
    0.055000000 -9.4160886E-06     0.36805269
    0.056000000  3.8094144E-05     0.37279348
    0.057000000 -9.6512925E-06     0.37747715
    0.058000000  3.7760985E-05     0.38210427
    0.059000000 -9.8808412E-06     0.38667539
    0.060000000  3.7433426E-05     0.39119109
    0.061000000 -1.0104847E-05     0.39565190
    0.062000000  3.7111354E-05     0.40005838
    0.063000000 -1.0323418E-05     0.40441106
    0.064000000  3.6794662E-05     0.40871048
    0.065000000 -1.0536664E-05     0.41295717
    0.066000000  3.6483243E-05     0.41715166
    0.067000000 -1.0744689E-05     0.42129446
    0.068000000  3.6176993E-05     0.42538609
    0.069000000 -1.0947598E-05     0.42942706
    0.070000000  3.5875809E-05     0.43341787
    0.071000000 -1.1145490E-05     0.43735903
    0.072000000  3.5579591E-05     0.44125101
    0.073000000 -1.1338466E-05     0.44509432
    0.074000000  3.5288240E-05     0.44888944
    0.075000000 -1.1526623E-05     0.45263685
    0.076000000  3.5001661E-05     0.45633702
    0.077000000 -1.1710056E-05     0.45999043
    0.078000000  3.4719758E-05     0.46359753
    0.079000000 -1.1888859E-05     0.46715879
    0.080000000  3.4442439E-05     0.47067467
    0.081000000 -1.2063123E-05     0.47414561
    0.082000000  3.4169614E-05     0.47757207
    0.083000000 -1.2232939E-05     0.48095448
    0.084000000  3.3901193E-05     0.48429329
    0.085000000 -1.2398394E-05     0.48758893
    0.086000000  3.3637089E-05     0.49084182
    0.087000000 -1.2559575E-05     0.49405240
    0.088000000  3.3377216E-05     0.49722108
    0.089000000 -1.2716567E-05     0.50034829
    0.090000000  3.3121492E-05     0.50343443
    0.091000000 -1.2869452E-05     0.50647991
    0.092000000  3.2869833E-05     0.50948514
    0.093000000 -1.3018311E-05     0.51245051
    0.094000000  3.2622160E-05     0.51537643
    0.095000000 -1.3163225E-05     0.51826329
    0.096000000  3.2378393E-05     0.52111147
    0.097000000 -1.3304272E-05     0.52392137
    0.098000000  3.2138455E-05     0.52669335
    0.099000000 -1.3441528E-05     0.52942780
     0.10000000  3.1902270E-05     0.53212510
     0.10100000 -1.3575068E-05     0.53478561
     0.10200000  3.1669764E-05     0.53740969
     0.10300000 -1.3704966E-05     0.53999772
     0.10400000  3.1440863E-05     0.54255004
     0.10500000 -1.3831293E-05     0.54506702
     0.10600000  3.1215498E-05     0.54754900
     0.10700000 -1.3954121E-05     0.54999634
     0.10800000  3.0993597E-05     0.55240938
     0.10900000 -1.4073520E-05     0.55478845
     0.11000000  3.0775092E-05     0.55713391
     0.11100000 -1.4189556E-05     0.55944608
     0.11200000  3.0559915E-05     0.56172529
     0.11300000 -1.4302296E-05     0.56397187
     0.11400000  3.0348002E-05     0.56618615
     0.11500000 -1.4411806E-05     0.56836845
     0.11600000  3.0139287E-05     0.57051909
     0.11700000 -1.4518149E-05     0.57263837
     0.11800000  2.9933706E-05     0.57472662
     0.11900000 -1.4621389E-05     0.57678414
     0.12000000  2.9731199E-05     0.57881124
     0.12100000 -1.4721587E-05     0.58080821
     0.12200000  2.9531703E-05     0.58277537
     0.12300000 -1.4818803E-05     0.58471301
     0.12400000  2.9335160E-05     0.58662141
     0.12500000 -1.4913095E-05     0.58850088
     0.12600000  2.9141510E-05     0.59035169
     0.12700000 -1.5004523E-05     0.59217414
     0.12800000  2.8950698E-05     0.59396851
     0.12900000 -1.5093142E-05     0.59573507
     0.13000000  2.8762665E-05     0.59747411
     0.13100000 -1.5179009E-05     0.59918589
     0.13200000  2.8577358E-05     0.60087069
     0.13300000 -1.5262177E-05     0.60252878
     0.13400000  2.8394722E-05     0.60416042
     0.13500000 -1.5342701E-05     0.60576587
     0.13600000  2.8214705E-05     0.60734540
     0.13700000 -1.5420632E-05     0.60889926
     0.13800000  2.8037254E-05     0.61042771
     0.13900000 -1.5496022E-05     0.61193101
     0.14000000  2.7862320E-05     0.61340939
     0.14100000 -1.5568921E-05     0.61486312
     0.14200000  2.7689851E-05     0.61629243
     0.14300000 -1.5639379E-05     0.61769757
     0.14400000  2.7519799E-05     0.61907878
     0.14500000 -1.5707444E-05     0.62043629
     0.14600000  2.7352117E-05     0.62177035
     0.14700000 -1.5773163E-05     0.62308119
     0.14800000  2.7186757E-05     0.62436903
     0.14900000 -1.5836582E-05     0.62563411
     0.15000000  2.7023673E-05     0.62687665
     0.15100000 -1.5897748E-05     0.62809688
     0.15200000  2.6862821E-05     0.62929501
     0.15300000 -1.5956705E-05     0.63047128
     0.15400000  2.6704156E-05     0.63162589
     0.15500000 -1.6013496E-05     0.63275906
     0.15600000  2.6547634E-05     0.63387101
     0.15700000 -1.6068165E-05     0.63496195
     0.15800000  2.6393215E-05     0.63603207
     0.15900000 -1.6120754E-05     0.63708161
     0.16000000  2.6240854E-05     0.63811075
     0.16100000 -1.6171303E-05     0.63911970
     0.16200000  2.6090513E-05     0.64010866
     0.16300000 -1.6219853E-05     0.64107783
     0.16400000  2.5942151E-05     0.64202740
     0.16500000 -1.6266444E-05     0.64295758
     0.16600000  2.5795729E-05     0.64386856
     0.16700000 -1.6311115E-05     0.64476052
     0.16800000  2.5651208E-05     0.64563365
     0.16900000 -1.6353903E-05     0.64648815
     0.17000000  2.5508551E-05     0.64732419
     0.17100000 -1.6394846E-05     0.64814197
     0.17200000  2.5367720E-05     0.64894166
     0.17300000 -1.6433980E-05     0.64972344
     0.17400000  2.5228681E-05     0.65048750
     0.17500000 -1.6471341E-05     0.65123400
     0.17600000  2.5091396E-05     0.65196313
     0.17700000 -1.6506965E-05     0.65267505
     0.17800000  2.4955832E-05     0.65336993
     0.17900000 -1.6540885E-05     0.65404796
     0.18000000  2.4821955E-05     0.65470928
     0.18100000 -1.6573135E-05     0.65535408
     0.18200000  2.4689730E-05     0.65598251
     0.18300000 -1.6603749E-05     0.65659474
     0.18400000  2.4559126E-05     0.65719093
     0.18500000 -1.6632759E-05     0.65777123
     0.18600000  2.4430109E-05     0.65833581
     0.18700000 -1.6660197E-05     0.65888483
     0.18800000  2.4302650E-05     0.65941843
     0.18900000 -1.6686093E-05     0.65993677
     0.19000000  2.4176717E-05     0.66044001
     0.19100000 -1.6710478E-05     0.66092828
     0.19200000  2.4052279E-05     0.66140175
     0.19300000 -1.6733383E-05     0.66186056
     0.19400000  2.3929307E-05     0.66230486
     0.19500000 -1.6754836E-05     0.66273478
     0.19600000  2.3807772E-05     0.66315048
     0.19700000 -1.6774867E-05     0.66355209
     0.19800000  2.3687646E-05     0.66393975
     0.19900000 -1.6793502E-05     0.66431361
     0.20000000  2.3568901E-05     0.66467380
     0.20100000 -1.6810771E-05     0.66502045
     0.20200000  2.3451509E-05     0.66535371
     0.20300000 -1.6826700E-05     0.66567370
     0.20400000  2.3335444E-05     0.66598055
     0.20500000 -1.6841316E-05     0.66627440
     0.20600000  2.3220679E-05     0.66655538
     0.20700000 -1.6854644E-05     0.66682362
     0.20800000  2.3107188E-05     0.66707923
     0.20900000 -1.6866711E-05     0.66732235
     0.21000000  2.2994947E-05     0.66755311
     0.21100000 -1.6877540E-05     0.66777161
     0.21200000  2.2883930E-05     0.66797800
     0.21300000 -1.6887157E-05     0.66817238
     0.21400000  2.2774114E-05     0.66835487
     0.21500000 -1.6895586E-05     0.66852560
     0.21600000  2.2665474E-05     0.66868469
     0.21700000 -1.6902850E-05     0.66883223
     0.21800000  2.2557987E-05     0.66896837
     0.21900000 -1.6908972E-05     0.66909319
     0.22000000  2.2451631E-05     0.66920683
     0.22100000 -1.6913975E-05     0.66930938
     0.22200000  2.2346383E-05     0.66940097
     0.22300000 -1.6917881E-05     0.66948169
     0.22400000  2.2242221E-05     0.66955167
     0.22500000 -1.6920711E-05     0.66961099
     0.22600000  2.2139124E-05     0.66965978
     0.22700000 -1.6922488E-05     0.66969813
     0.22800000  2.2037070E-05     0.66972614
     0.22900000 -1.6923231E-05     0.66974393
     0.23000000  2.1936039E-05     0.66975160
     0.23100000 -1.6922962E-05     0.66974924
     0.23200000  2.1836011E-05     0.66973695
     0.23300000 -1.6921700E-05     0.66971483
     0.23400000  2.1736965E-05     0.66968299
     0.23500000 -1.6919466E-05     0.66964151
     0.23600000  2.1638883E-05     0.66959049
     0.23700000 -1.6916277E-05     0.66953003
     0.23800000  2.1541744E-05     0.66946023
     0.23900000 -1.6912154E-05     0.66938117
     0.24000000  2.1445532E-05     0.66929294
     0.24100000 -1.6907114E-05     0.66919565
     0.24200000  2.1350226E-05     0.66908937
     0.24300000 -1.6901176E-05     0.66897420
     0.24400000  2.1255810E-05     0.66885023
     0.24500000 -1.6894358E-05     0.66871754
     0.24600000  2.1162265E-05     0.66857622
     0.24700000 -1.6886677E-05     0.66842635
     0.24800000  2.1069575E-05     0.66826803
     0.24900000 -1.6878150E-05     0.66810134
     0.25000000  2.0977722E-05     0.66792635
     0.25100000 -1.6868794E-05     0.66774316
     0.25200000  2.0886690E-05     0.66755183
     0.25300000 -1.6858626E-05     0.66735247
     0.25400000  2.0796463E-05     0.66714513
     0.25500000 -1.6847660E-05     0.66692991
     0.25600000  2.0707024E-05     0.66670688
     0.25700000 -1.6835914E-05     0.66647612
     0.25800000  2.0618358E-05     0.66623771
     0.25900000 -1.6823403E-05     0.66599172
     0.26000000  2.0530451E-05     0.66573823
     0.26100000 -1.6810141E-05     0.66547731
     0.26200000  2.0443285E-05     0.66520903
     0.26300000 -1.6796144E-05     0.66493348
     0.26400000  2.0356848E-05     0.66465072
     0.26500000 -1.6781426E-05     0.66436082
     0.26600000  2.0271125E-05     0.66406385
     0.26700000 -1.6766001E-05     0.66375990
     0.26800000  2.0186101E-05     0.66344901
     0.26900000 -1.6749885E-05     0.66313127
     0.27000000  2.0101762E-05     0.66280675
     0.27100000 -1.6733089E-05     0.66247550
     0.27200000  2.0018096E-05     0.66213759
     0.27300000 -1.6715628E-05     0.66179310
     0.27400000  1.9935088E-05     0.66144209
     0.27500000 -1.6697514E-05     0.66108462
     0.27600000  1.9852727E-05     0.66072076
     0.27700000 -1.6678762E-05     0.66035057
     0.27800000  1.9770998E-05     0.65997411
     0.27900000 -1.6659383E-05     0.65959145
     0.28000000  1.9689889E-05     0.65920265
     0.28100000 -1.6639389E-05     0.65880776
     0.28200000  1.9609389E-05     0.65840686
     0.28300000 -1.6618794E-05     0.65799999
     0.28400000  1.9529484E-05     0.65758723
     0.28500000 -1.6597608E-05     0.65716862
     0.28600000  1.9450164E-05     0.65674422
     0.28700000 -1.6575844E-05     0.65631410
     0.28800000  1.9371417E-05     0.65587831
     0.28900000 -1.6553513E-05     0.65543691
     0.29000000  1.9293231E-05     0.65498995
     0.29100000 -1.6530626E-05     0.65453748
     0.29200000  1.9215595E-05     0.65407957
     0.29300000 -1.6507195E-05     0.65361626
     0.29400000  1.9138498E-05     0.65314762
     0.29500000 -1.6483229E-05     0.65267369
     0.29600000  1.9061930E-05     0.65219452
     0.29700000 -1.6458740E-05     0.65171017
     0.29800000  1.8985881E-05     0.65122070
     0.29900000 -1.6433738E-05     0.65072614
     0.30000000  1.8910339E-05     0.65022655
     0.30100000 -1.6408233E-05     0.64972199
     0.30200000  1.8835295E-05     0.64921249
     0.30300000 -1.6382235E-05     0.64869812
     0.30400000  1.8760739E-05     0.64817891
     0.30500000 -1.6355754E-05     0.64765492
     0.30600000  1.8686662E-05     0.64712620
     0.30700000 -1.6328800E-05     0.64659278
     0.30800000  1.8613053E-05     0.64605473
     0.30900000 -1.6301381E-05     0.64551207
     0.31000000  1.8539904E-05     0.64496487
     0.31100000 -1.6273507E-05     0.64441316
     0.31200000  1.8467206E-05     0.64385700
     0.31300000 -1.6245188E-05     0.64329641
     0.31400000  1.8394949E-05     0.64273146
     0.31500000 -1.6216431E-05     0.64216217
     0.31600000  1.8323125E-05     0.64158861
     0.31700000 -1.6187245E-05     0.64101079
     0.31800000  1.8251725E-05     0.64042878
     0.31900000 -1.6157640E-05     0.63984261
     0.32000000  1.8180741E-05     0.63925232
     0.32100000 -1.6127622E-05     0.63865796
     0.32200000  1.8110165E-05     0.63805956
     0.32300000 -1.6097201E-05     0.63745717
     0.32400000  1.8039988E-05     0.63685081
     0.32500000 -1.6066385E-05     0.63624055
     0.32600000  1.7970203E-05     0.63562640
     0.32700000 -1.6035181E-05     0.63500842
     0.32800000  1.7900802E-05     0.63438663
     0.32900000 -1.6003597E-05     0.63376109
     0.33000000  1.7831777E-05     0.63313181
     0.33100000 -1.5971640E-05     0.63249885
     0.33200000  1.7763120E-05     0.63186224
     0.33300000 -1.5939318E-05     0.63122201
     0.33400000  1.7694826E-05     0.63057821
     0.33500000 -1.5906638E-05     0.62993085
     0.33600000  1.7626886E-05     0.62928000
     0.33700000 -1.5873607E-05     0.62862566
     0.33800000  1.7559293E-05     0.62796789
     0.33900000 -1.5840233E-05     0.62730671
     0.34000000  1.7492040E-05     0.62664217
     0.34100000 -1.5806521E-05     0.62597428
     0.34200000  1.7425122E-05     0.62530309
     0.34300000 -1.5772479E-05     0.62462863
     0.34400000  1.7358530E-05     0.62395093
     0.34500000 -1.5738113E-05     0.62327003
     0.34600000  1.7292259E-05     0.62258595
     0.34700000 -1.5703429E-05     0.62189872
     0.34800000  1.7226303E-05     0.62120839
     0.34900000 -1.5668435E-05     0.62051497
     0.35000000  1.7160654E-05     0.61981851
     0.35100000 -1.5633135E-05     0.61911902
     0.35200000  1.7095308E-05     0.61841655
     0.35300000 -1.5597537E-05     0.61771111
     0.35400000  1.7030257E-05     0.61700274
     0.35500000 -1.5561645E-05     0.61629148
     0.35600000  1.6965497E-05     0.61557734
     0.35700000 -1.5525466E-05     0.61486035
     0.35800000  1.6901021E-05     0.61414055
     0.35900000 -1.5489006E-05     0.61341797
     0.36000000  1.6836823E-05     0.61269262
     0.36100000 -1.5452269E-05     0.61196454
     0.36200000  1.6772899E-05     0.61123376
     0.36300000 -1.5415262E-05     0.61050030
     0.36400000  1.6709243E-05     0.60976418
     0.36500000 -1.5377990E-05     0.60902544
     0.36600000  1.6645850E-05     0.60828410
     0.36700000 -1.5340458E-05     0.60754019
     0.36800000  1.6582713E-05     0.60679373
     0.36900000 -1.5302671E-05     0.60604475
     0.37000000  1.6519829E-05     0.60529327
     0.37100000 -1.5264635E-05     0.60453932
     0.37200000  1.6457192E-05     0.60378292
     0.37300000 -1.5226353E-05     0.60302410
     0.37400000  1.6394798E-05     0.60226288
     0.37500000 -1.5187832E-05     0.60149928
     0.37600000  1.6332641E-05     0.60073333
     0.37700000 -1.5149076E-05     0.59996505
     0.37800000  1.6270717E-05     0.59919447
     0.37900000 -1.5110089E-05     0.59842160
     0.38000000  1.6209021E-05     0.59764648
     0.38100000 -1.5070876E-05     0.59686912
     0.38200000  1.6147549E-05     0.59608954
     0.38300000 -1.5031441E-05     0.59530777
     0.38400000  1.6086296E-05     0.59452383
     0.38500000 -1.4991790E-05     0.59373774
     0.38600000  1.6025258E-05     0.59294952
     0.38700000 -1.4951926E-05     0.59215920
     0.38800000  1.5964430E-05     0.59136679
     0.38900000 -1.4911853E-05     0.59057231
     0.39000000  1.5903810E-05     0.58977579
     0.39100000 -1.4871575E-05     0.58897725
     0.39200000  1.5843391E-05     0.58817670
     0.39300000 -1.4831098E-05     0.58737417
     0.39400000  1.5783171E-05     0.58656967
     0.39500000 -1.4790423E-05     0.58576323
     0.39600000  1.5723146E-05     0.58495486
     0.39700000 -1.4749557E-05     0.58414459
     0.39800000  1.5663311E-05     0.58333243
     0.39900000 -1.4708501E-05     0.58251840
     0.40000000  1.5603663E-05     0.58170252
     0.40100000 -1.4667261E-05     0.58088481
     0.40200000  1.5544198E-05     0.58006529
     0.40300000 -1.4625839E-05     0.57924397
     0.40400000  1.5484913E-05     0.57842087
     0.40500000 -1.4584239E-05     0.57759601
     0.40600000  1.5425803E-05     0.57676941
     0.40700000 -1.4542466E-05     0.57594109
     0.40800000  1.5366867E-05     0.57511106
     0.40900000 -1.4500521E-05     0.57427934
     0.41000000  1.5308099E-05     0.57344594
     0.41100000 -1.4458409E-05     0.57261088
     0.41200000  1.5249497E-05     0.57177419
     0.41300000 -1.4416133E-05     0.57093587
     0.41400000  1.5191057E-05     0.57009594
     0.41500000 -1.4373696E-05     0.56925442
     0.41600000  1.5132777E-05     0.56841133
     0.41700000 -1.4331102E-05     0.56756667
     0.41800000  1.5074653E-05     0.56672047
     0.41900000 -1.4288353E-05     0.56587274
     0.42000000  1.5016681E-05     0.56502349
     0.42100000 -1.4245452E-05     0.56417275
     0.42200000  1.4958860E-05     0.56332051
     0.42300000 -1.4202403E-05     0.56246681
     0.42400000  1.4901186E-05     0.56161166
     0.42500000 -1.4159209E-05     0.56075506
     0.42600000  1.4843656E-05     0.55989704
     0.42700000 -1.4115872E-05     0.55903760
     0.42800000  1.4786266E-05     0.55817677
     0.42900000 -1.4072395E-05     0.55731455
     0.43000000  1.4729016E-05     0.55645096
     0.43100000 -1.4028781E-05     0.55558602
     0.43200000  1.4671901E-05     0.55471973
     0.43300000 -1.3985033E-05     0.55385211
     0.43400000  1.4614919E-05     0.55298318
     0.43500000 -1.3941153E-05     0.55211294
     0.43600000  1.4558067E-05     0.55124141
     0.43700000 -1.3897144E-05     0.55036860
     0.43800000  1.4501344E-05     0.54949453
     0.43900000 -1.3853008E-05     0.54861920
     0.44000000  1.4444745E-05     0.54774264
     0.44100000 -1.3808748E-05     0.54686484
     0.44200000  1.4388269E-05     0.54598583
     0.44300000 -1.3764367E-05     0.54510562
     0.44400000  1.4331914E-05     0.54422422
     0.44500000 -1.3719867E-05     0.54334164
     0.44600000  1.4275677E-05     0.54245789
     0.44700000 -1.3675250E-05     0.54157298
     0.44800000  1.4219555E-05     0.54068693
     0.44900000 -1.3630518E-05     0.53979974
     0.45000000  1.4163546E-05     0.53891143
     0.45100000 -1.3585675E-05     0.53802202
     0.45200000  1.4107649E-05     0.53713150
     0.45300000 -1.3540721E-05     0.53623989
     0.45400000  1.4051860E-05     0.53534721
     0.45500000 -1.3495659E-05     0.53445345
     0.45600000  1.3996179E-05     0.53355864
     0.45700000 -1.3450492E-05     0.53266279
     0.45800000  1.3940602E-05     0.53176590
     0.45900000 -1.3405221E-05     0.53086798
     0.46000000  1.3885127E-05     0.52996905
     0.46100000 -1.3359849E-05     0.52906911
     0.46200000  1.3829753E-05     0.52816818
     0.46300000 -1.3314377E-05     0.52726626
     0.46400000  1.3774477E-05     0.52636337
     0.46500000 -1.3268808E-05     0.52545951
     0.46600000  1.3719298E-05     0.52455469
     0.46700000 -1.3223143E-05     0.52364893
     0.46800000  1.3664214E-05     0.52274223
     0.46900000 -1.3177384E-05     0.52183461
     0.47000000  1.3609223E-05     0.52092606
     0.47100000 -1.3131533E-05     0.52001661
     0.47200000  1.3554322E-05     0.51910625
     0.47300000 -1.3085593E-05     0.51819500
     0.47400000  1.3499511E-05     0.51728287
     0.47500000 -1.3039564E-05     0.51636987
     0.47600000  1.3444787E-05     0.51545600
     0.47700000 -1.2993448E-05     0.51454128
     0.47800000  1.3390148E-05     0.51362570
     0.47900000 -1.2947248E-05     0.51270929
     0.48000000  1.3335594E-05     0.51179204
     0.48100000 -1.2900965E-05     0.51087398
     0.48200000  1.3281122E-05     0.50995510
     0.48300000 -1.2854600E-05     0.50903541
     0.48400000  1.3226730E-05     0.50811492
     0.48500000 -1.2808155E-05     0.50719364
     0.48600000  1.3172418E-05     0.50627158
     0.48700000 -1.2761632E-05     0.50534874
     0.48800000  1.3118183E-05     0.50442514
     0.48900000 -1.2715033E-05     0.50350078
     0.49000000  1.3064024E-05     0.50257566
     0.49100000 -1.2668358E-05     0.50164980
     0.49200000  1.3009940E-05     0.50072321
     0.49300000 -1.2621609E-05     0.49979588
     0.49400000  1.2955928E-05     0.49886783
     0.49500000 -1.2574788E-05     0.49793906
     0.49600000  1.2901989E-05     0.49700959
     0.49700000 -1.2527896E-05     0.49607942
     0.49800000  1.2848119E-05     0.49514855
     0.49900000 -1.2480935E-05     0.49421699
     0.50000000  1.2794318E-05     0.49328475
     0.50100000 -1.2433906E-05     0.49235184
     0.50200000  1.2740584E-05     0.49141826
     0.50300000 -1.2386810E-05     0.49048403
     0.50400000  1.2686917E-05     0.48954913
     0.50500000 -1.2339648E-05     0.48861359
     0.50600000  1.2633314E-05     0.48767741
     0.50700000 -1.2292423E-05     0.48674060
     0.50800000  1.2579774E-05     0.48580315
     0.50900000 -1.2245135E-05     0.48486509
     0.51000000  1.2526297E-05     0.48392641
     0.51100000 -1.2197785E-05     0.48298712
     0.51200000  1.2472881E-05     0.48204722
     0.51300000 -1.2150375E-05     0.48110673
     0.51400000  1.2419524E-05     0.48016565
     0.51500000 -1.2102905E-05     0.47922398
     0.51600000  1.2366227E-05     0.47828173
     0.51700000 -1.2055378E-05     0.47733890
     0.51800000  1.2312986E-05     0.47639551
     0.51900000 -1.2007794E-05     0.47545156
     0.52000000  1.2259802E-05     0.47450704
     0.52100000 -1.1960154E-05     0.47356198
     0.52200000  1.2206673E-05     0.47261637
     0.52300000 -1.1912459E-05     0.47167022
     0.52400000  1.2153598E-05     0.47072353
     0.52500000 -1.1864711E-05     0.46977632
     0.52600000  1.2100576E-05     0.46882858
     0.52700000 -1.1816911E-05     0.46788032
     0.52800000  1.2047606E-05     0.46693154
     0.52900000 -1.1769059E-05     0.46598226
     0.53000000  1.1994687E-05     0.46503247
     0.53100000 -1.1721156E-05     0.46408218
     0.53200000  1.1941818E-05     0.46313140
     0.53300000 -1.1673204E-05     0.46218013
     0.53400000  1.1888998E-05     0.46122837
     0.53500000 -1.1625204E-05     0.46027614
     0.53600000  1.1836225E-05     0.45932343
     0.53700000 -1.1577156E-05     0.45837025
     0.53800000  1.1783500E-05     0.45741660
     0.53900000 -1.1529062E-05     0.45646250
     0.54000000  1.1730821E-05     0.45550794
     0.54100000 -1.1480922E-05     0.45455292
     0.54200000  1.1678187E-05     0.45359746
     0.54300000 -1.1432737E-05     0.45264156
     0.54400000  1.1625597E-05     0.45168521
     0.54500000 -1.1384509E-05     0.45072844
     0.54600000  1.1573051E-05     0.44977123
     0.54700000 -1.1336237E-05     0.44881360
     0.54800000  1.1520547E-05     0.44785555
     0.54900000 -1.1287924E-05     0.44689708
     0.55000000  1.1468085E-05     0.44593820
     0.55100000 -1.1239569E-05     0.44497891
     0.55200000  1.1415664E-05     0.44401921
     0.55300000 -1.1191174E-05     0.44305912
     0.55400000  1.1363283E-05     0.44209862
     0.55500000 -1.1142739E-05     0.44113774
     0.55600000  1.1310941E-05     0.44017647
     0.55700000 -1.1094265E-05     0.43921481
     0.55800000  1.1258637E-05     0.43825277
     0.55900000 -1.1045753E-05     0.43729035
     0.56000000  1.1206372E-05     0.43632756
     0.56100000 -1.0997204E-05     0.43536440
     0.56200000  1.1154143E-05     0.43440087
     0.56300000 -1.0948618E-05     0.43343698
     0.56400000  1.1101950E-05     0.43247274
     0.56500000 -1.0899996E-05     0.43150813
     0.56600000  1.1049793E-05     0.43054318
     0.56700000 -1.0851339E-05     0.42957788
     0.56800000  1.0997671E-05     0.42861223
     0.56900000 -1.0802648E-05     0.42764624
     0.57000000  1.0945583E-05     0.42667991
     0.57100000 -1.0753922E-05     0.42571325
     0.57200000  1.0893529E-05     0.42474626
     0.57300000 -1.0705164E-05     0.42377894
     0.57400000  1.0841507E-05     0.42281129
     0.57500000 -1.0656373E-05     0.42184332
     0.57600000  1.0789517E-05     0.42087504
     0.57700000 -1.0607551E-05     0.41990644
     0.57800000  1.0737559E-05     0.41893753
     0.57900000 -1.0558697E-05     0.41796830
     0.58000000  1.0685632E-05     0.41699878
     0.58100000 -1.0509812E-05     0.41602895
     0.58200000  1.0633735E-05     0.41505882
     0.58300000 -1.0460898E-05     0.41408839
     0.58400000  1.0581868E-05     0.41311767
     0.58500000 -1.0411954E-05     0.41214666
     0.58600000  1.0530030E-05     0.41117536
     0.58700000 -1.0362981E-05     0.41020378
     0.58800000  1.0478220E-05     0.40923191
     0.58900000 -1.0313981E-05     0.40825976
     0.59000000  1.0426439E-05     0.40728734
     0.59100000 -1.0264952E-05     0.40631464
     0.59200000  1.0374684E-05     0.40534168
     0.59300000 -1.0215897E-05     0.40436844
     0.59400000  1.0322957E-05     0.40339494
     0.59500000 -1.0166814E-05     0.40242117
     0.59600000  1.0271256E-05     0.40144715
     0.59700000 -1.0117706E-05     0.40047286
     0.59800000  1.0219580E-05     0.39949832
     0.59900000 -1.0068572E-05     0.39852353
     0.60000000  1.0167930E-05     0.39754849
     0.60100000 -1.0019413E-05     0.39657320
     0.60200000  1.0116305E-05     0.39559766
     0.60300000 -9.9702300E-06     0.39462188
     0.60400000  1.0064704E-05     0.39364586
     0.60500000 -9.9210226E-06     0.39266960
     0.60600000  1.0013127E-05     0.39169311
     0.60700000 -9.8717916E-06     0.39071638
     0.60800000  9.9615734E-06     0.38973943
     0.60900000 -9.8225375E-06     0.38876224
     0.61000000  9.9100425E-06     0.38778483
     0.61100000 -9.7732607E-06     0.38680719
     0.61200000  9.8585340E-06     0.38582933
     0.61300000 -9.7239617E-06     0.38485125
     0.61400000  9.8070475E-06     0.38387295
     0.61500000 -9.6746410E-06     0.38289444
     0.61600000  9.7555826E-06     0.38191571
     0.61700000 -9.6252989E-06     0.38093678
     0.61800000  9.7041388E-06     0.37995763
     0.61900000 -9.5759359E-06     0.37897828
     0.62000000  9.6527157E-06     0.37799872
     0.62100000 -9.5265524E-06     0.37701896
     0.62200000  9.6013129E-06     0.37603899
     0.62300000 -9.4771488E-06     0.37505883
     0.62400000  9.5499299E-06     0.37407847
     0.62500000 -9.4277255E-06     0.37309792
     0.62600000  9.4985665E-06     0.37211717
     0.62700000 -9.3782829E-06     0.37113624
     0.62800000  9.4472222E-06     0.37015511
     0.62900000 -9.3288214E-06     0.36917380
     0.63000000  9.3958966E-06     0.36819230
     0.63100000 -9.2793414E-06     0.36721061
     0.63200000  9.3445894E-06     0.36622875
     0.63300000 -9.2298431E-06     0.36524670
     0.63400000  9.2933002E-06     0.36426448
     0.63500000 -9.1803271E-06     0.36328208
     0.63600000  9.2420286E-06     0.36229951
     0.63700000 -9.1307935E-06     0.36131676
     0.63800000  9.1907744E-06     0.36033384
     0.63900000 -9.0812429E-06     0.35935075
     0.64000000  9.1395370E-06     0.35836750
     0.64100000 -9.0316755E-06     0.35738408
     0.64200000  9.0883163E-06     0.35640049
     0.64300000 -8.9820916E-06     0.35541674
     0.64400000  9.0371119E-06     0.35443283
     0.64500000 -8.9324916E-06     0.35344876
     0.64600000  8.9859235E-06     0.35246453
     0.64700000 -8.8828758E-06     0.35148015
     0.64800000  8.9347506E-06     0.35049561
     0.64900000 -8.8332445E-06     0.34951092
     0.65000000  8.8835932E-06     0.34852607
     0.65100000 -8.7835980E-06     0.34754108
     0.65200000  8.8324507E-06     0.34655593
     0.65300000 -8.7339366E-06     0.34557064
     0.65400000  8.7813230E-06     0.34458520
     0.65500000 -8.6842606E-06     0.34359962
     0.65600000  8.7302098E-06     0.34261390
     0.65700000 -8.6345704E-06     0.34162803
     0.65800000  8.6791107E-06     0.34064202
     0.65900000 -8.5848661E-06     0.33965588
     0.66000000  8.6280255E-06     0.33866960
     0.66100000 -8.5351481E-06     0.33768318
     0.66200000  8.5769539E-06     0.33669662
     0.66300000 -8.4854166E-06     0.33570994
     0.66400000  8.5258956E-06     0.33472312
     0.66500000 -8.4356719E-06     0.33373617
     0.66600000  8.4748504E-06     0.33274909
     0.66700000 -8.3859142E-06     0.33176188
     0.66800000  8.4238180E-06     0.33077455
     0.66900000 -8.3361439E-06     0.32978709
     0.67000000  8.3727981E-06     0.32879951
     0.67100000 -8.2863612E-06     0.32781180
     0.67200000  8.3217906E-06     0.32682397
     0.67300000 -8.2365662E-06     0.32583602
     0.67400000  8.2707952E-06     0.32484795
     0.67500000 -8.1867594E-06     0.32385977
     0.67600000  8.2198115E-06     0.32287146
     0.67700000 -8.1369408E-06     0.32188304
     0.67800000  8.1688395E-06     0.32089451
     0.67900000 -8.0871107E-06     0.31990586
     0.68000000  8.1178788E-06     0.31891710
     0.68100000 -8.0372694E-06     0.31792822
     0.68200000  8.0669292E-06     0.31693924
     0.68300000 -7.9874170E-06     0.31595015
     0.68400000  8.0159906E-06     0.31496095
     0.68500000 -7.9375539E-06     0.31397164
     0.68600000  7.9650627E-06     0.31298223
     0.68700000 -7.8876801E-06     0.31199271
     0.68800000  7.9141453E-06     0.31100309
     0.68900000 -7.8377960E-06     0.31001337
     0.69000000  7.8632381E-06     0.30902354
     0.69100000 -7.7879017E-06     0.30803361
     0.69200000  7.8123410E-06     0.30704359
     0.69300000 -7.7379974E-06     0.30605346
     0.69400000  7.7614538E-06     0.30506324
     0.69500000 -7.6880833E-06     0.30407292
     0.69600000  7.7105763E-06     0.30308250
     0.69700000 -7.6381597E-06     0.30209199
     0.69800000  7.6597083E-06     0.30110139
     0.69900000 -7.5882266E-06     0.30011069
     0.70000000  7.6088496E-06     0.29911990
     0.70100000 -7.5382843E-06     0.29812902
     0.70200000  7.5580000E-06     0.29713805
     0.70300000 -7.4883330E-06     0.29614698
     0.70400000  7.5071593E-06     0.29515583
     0.70500000 -7.4383729E-06     0.29416460
     0.70600000  7.4563274E-06     0.29317327
     0.70700000 -7.3884041E-06     0.29218186
     0.70800000  7.4055041E-06     0.29119037
     0.70900000 -7.3384268E-06     0.29019879
     0.71000000  7.3546892E-06     0.28920713
     0.71100000 -7.2884411E-06     0.28821538
     0.71200000  7.3038825E-06     0.28722356
     0.71300000 -7.2384473E-06     0.28623165
     0.71400000  7.2530840E-06     0.28523966
     0.71500000 -7.1884455E-06     0.28424760
     0.71600000  7.2022933E-06     0.28325545
     0.71700000 -7.1384358E-06     0.28226323
     0.71800000  7.1515105E-06     0.28127093
     0.71900000 -7.0884184E-06     0.28027855
     0.72000000  7.1007352E-06     0.27928610
     0.72100000 -7.0383935E-06     0.27829358
     0.72200000  7.0499675E-06     0.27730098
     0.72300000 -6.9883612E-06     0.27630830
     0.72400000  6.9992070E-06     0.27531556
     0.72500000 -6.9383216E-06     0.27432274
     0.72600000  6.9484537E-06     0.27332985
     0.72700000 -6.8882750E-06     0.27233689
     0.72800000  6.8977075E-06     0.27134387
     0.72900000 -6.8382214E-06     0.27035077
     0.73000000  6.8469681E-06     0.26935760
     0.73100000 -6.7881609E-06     0.26836437
     0.73200000  6.7962355E-06     0.26737107
     0.73300000 -6.7380938E-06     0.26637770
     0.73400000  6.7455095E-06     0.26538427
     0.73500000 -6.6880201E-06     0.26439078
     0.73600000  6.6947900E-06     0.26339722
     0.73700000 -6.6379400E-06     0.26240359
     0.73800000  6.6440769E-06     0.26140990
     0.73900000 -6.5878536E-06     0.26041615
     0.74000000  6.5933700E-06     0.25942234
     0.74100000 -6.5377611E-06     0.25842847
     0.74200000  6.5426692E-06     0.25743454
     0.74300000 -6.4876624E-06     0.25644054
     0.74400000  6.4919744E-06     0.25544649
     0.74500000 -6.4375579E-06     0.25445238
     0.74600000  6.4412855E-06     0.25345821
     0.74700000 -6.3874475E-06     0.25246399
     0.74800000  6.3906023E-06     0.25146970
     0.74900000 -6.3373314E-06     0.25047536
     0.75000000  6.3399248E-06     0.24948097
     0.75100000 -6.2872097E-06     0.24848651
     0.75200000  6.2892528E-06     0.24749201
     0.75300000 -6.2370826E-06     0.24649745
     0.75400000  6.2385862E-06     0.24550283
     0.75500000 -6.1869501E-06     0.24450817
     0.75600000  6.1879250E-06     0.24351345
     0.75700000 -6.1368123E-06     0.24251868
     0.75800000  6.1372689E-06     0.24152385
     0.75900000 -6.0866694E-06     0.24052898
     0.76000000  6.0866180E-06     0.23953405
     0.76100000 -6.0365214E-06     0.23853908
     0.76200000  6.0359721E-06     0.23754405
     0.76300000 -5.9863685E-06     0.23654898
     0.76400000  5.9853310E-06     0.23555386
     0.76500000 -5.9362107E-06     0.23455869
     0.76600000  5.9346948E-06     0.23356347
     0.76700000 -5.8860482E-06     0.23256820
     0.76800000  5.8840633E-06     0.23157289
     0.76900000 -5.8358809E-06     0.23057753
     0.77000000  5.8334364E-06     0.22958213
     0.77100000 -5.7857092E-06     0.22858668
     0.77200000  5.7828140E-06     0.22759119
     0.77300000 -5.7355329E-06     0.22659565
     0.77400000  5.7321961E-06     0.22560007
     0.77500000 -5.6853522E-06     0.22460444
     0.77600000  5.6815826E-06     0.22360877
     0.77700000 -5.6351672E-06     0.22261306
     0.77800000  5.6309732E-06     0.22161731
     0.77900000 -5.5849780E-06     0.22062151
     0.78000000  5.5803681E-06     0.21962568
     0.78100000 -5.5347847E-06     0.21862980
     0.78200000  5.5297671E-06     0.21763388
     0.78300000 -5.4845873E-06     0.21663792
     0.78400000  5.4791701E-06     0.21564192
     0.78500000 -5.4343859E-06     0.21464589
     0.78600000  5.4285770E-06     0.21364981
     0.78700000 -5.3841807E-06     0.21265370
     0.78800000  5.3779878E-06     0.21165754
     0.78900000 -5.3339716E-06     0.21066135
     0.79000000  5.3274024E-06     0.20966512
     0.79100000 -5.2837588E-06     0.20866886
     0.79200000  5.2768206E-06     0.20767255
     0.79300000 -5.2335423E-06     0.20667622
     0.79400000  5.2262425E-06     0.20567984
     0.79500000 -5.1833222E-06     0.20468343
     0.79600000  5.1756680E-06     0.20368699
     0.79700000 -5.1330985E-06     0.20269050
     0.79800000  5.1250970E-06     0.20169399
     0.79900000 -5.0828714E-06     0.20069744
     0.80000000  5.0745293E-06     0.19970086
     0.80100000 -5.0326410E-06     0.19870424
     0.80200000  5.0239651E-06     0.19770759
     0.80300000 -4.9824072E-06     0.19671091
     0.80400000  4.9734041E-06     0.19571419
     0.80500000 -4.9321701E-06     0.19471745
     0.80600000  4.9228463E-06     0.19372067
     0.80700000 -4.8819299E-06     0.19272385
     0.80800000  4.8722918E-06     0.19172701
     0.80900000 -4.8316865E-06     0.19073014
     0.81000000  4.8217403E-06     0.18973323
     0.81100000 -4.7814401E-06     0.18873630
     0.81200000  4.7711918E-06     0.18773934
     0.81300000 -4.7311906E-06     0.18674234
     0.81400000  4.7206463E-06     0.18574532
     0.81500000 -4.6809383E-06     0.18474827
     0.81600000  4.6701037E-06     0.18375118
     0.81700000 -4.6306830E-06     0.18275407
     0.81800000  4.6195640E-06     0.18175694
     0.81900000 -4.5804249E-06     0.18075977
     0.82000000  4.5690271E-06     0.17976257
     0.82100000 -4.5301640E-06     0.17876535
     0.82200000  4.5184930E-06     0.17776810
     0.82300000 -4.4799004E-06     0.17677083
     0.82400000  4.4679615E-06     0.17577353
     0.82500000 -4.4296342E-06     0.17477620
     0.82600000  4.4174327E-06     0.17377884
     0.82700000 -4.3793653E-06     0.17278146
     0.82800000  4.3669064E-06     0.17178405
     0.82900000 -4.3290938E-06     0.17078662
     0.83000000  4.3163827E-06     0.16978917
     0.83100000 -4.2788199E-06     0.16879168
     0.83200000  4.2658615E-06     0.16779418
     0.83300000 -4.2285435E-06     0.16679665
     0.83400000  4.2153427E-06     0.16579909
     0.83500000 -4.1782647E-06     0.16480151
     0.83600000  4.1648263E-06     0.16380391
     0.83700000 -4.1279835E-06     0.16280628
     0.83800000  4.1143122E-06     0.16180864
     0.83900000 -4.0777000E-06     0.16081096
     0.84000000  4.0638005E-06     0.15981327
     0.84100000 -4.0274142E-06     0.15881555
     0.84200000  4.0132910E-06     0.15781781
     0.84300000 -3.9771262E-06     0.15682005
     0.84400000  3.9627837E-06     0.15582227
     0.84500000 -3.9268361E-06     0.15482446
     0.84600000  3.9122785E-06     0.15382664
     0.84700000 -3.8765437E-06     0.15282879
     0.84800000  3.8617755E-06     0.15183092
     0.84900000 -3.8262493E-06     0.15083303
     0.85000000  3.8112745E-06     0.14983512
     0.85100000 -3.7759529E-06     0.14883719
     0.85200000  3.7607756E-06     0.14783924
     0.85300000 -3.7256544E-06     0.14684127
     0.85400000  3.7102787E-06     0.14584328
     0.85500000 -3.6753539E-06     0.14484527
     0.85600000  3.6597837E-06     0.14384724
     0.85700000 -3.6250515E-06     0.14284920
     0.85800000  3.6092906E-06     0.14185113
     0.85900000 -3.5747472E-06     0.14085304
     0.86000000  3.5587995E-06     0.13985494
     0.86100000 -3.5244411E-06     0.13885682
     0.86200000  3.5083101E-06     0.13785867
     0.86300000 -3.4741331E-06     0.13686052
     0.86400000  3.4578226E-06     0.13586234
     0.86500000 -3.4238234E-06     0.13486414
     0.86600000  3.4073368E-06     0.13386593
     0.86700000 -3.3735118E-06     0.13286770
     0.86800000  3.3568528E-06     0.13186946
     0.86900000 -3.3231986E-06     0.13087119
     0.87000000  3.3063705E-06     0.12987291
     0.87100000 -3.2728837E-06     0.12887462
     0.87200000  3.2558898E-06     0.12787630
     0.87300000 -3.2225671E-06     0.12687797
     0.87400000  3.2054108E-06     0.12587963
     0.87500000 -3.1722490E-06     0.12488126
     0.87600000  3.1549333E-06     0.12388289
     0.87700000 -3.1219292E-06     0.12288449
     0.87800000  3.1044575E-06     0.12188608
     0.87900000 -3.0716079E-06     0.12088766
     0.88000000  3.0539831E-06     0.11988922
     0.88100000 -3.0212851E-06     0.11889076
     0.88200000  3.0035103E-06     0.11789229
     0.88300000 -2.9709607E-06     0.11689381
     0.88400000  2.9530390E-06     0.11589531
     0.88500000 -2.9206349E-06     0.11489680
     0.88600000  2.9025691E-06     0.11389827
     0.88700000 -2.8703077E-06     0.11289973
     0.88800000  2.8521006E-06     0.11190117
     0.88900000 -2.8199791E-06     0.11090260
     0.89000000  2.8016335E-06     0.10990402
     0.89100000 -2.7696491E-06     0.10890542
     0.89200000  2.7511678E-06     0.10790681
     0.89300000 -2.7193177E-06     0.10690818
     0.89400000  2.7007034E-06     0.10590955
     0.89500000 -2.6689850E-06     0.10491090
     0.89600000  2.6502404E-06     0.10391223
     0.89700000 -2.6186511E-06     0.10291356
     0.89800000  2.5997786E-06     0.10191487
     0.89900000 -2.5683158E-06     0.10091616
     0.90000000  2.5493180E-06    0.099917450
     0.90100000 -2.5179793E-06    0.098918723
     0.90200000  2.4988588E-06    0.097919985
     0.90300000 -2.4676416E-06    0.096921234
     0.90400000  2.4484007E-06    0.095922471
     0.90500000 -2.4173027E-06    0.094923696
     0.90600000  2.3979438E-06    0.093924909
     0.90700000 -2.3669626E-06    0.092926111
     0.90800000  2.3474880E-06    0.091927302
     0.90900000 -2.3166213E-06    0.090928480
     0.91000000  2.2970334E-06    0.089929648
     0.91100000 -2.2662790E-06    0.088930805
     0.91200000  2.2465800E-06    0.087931950
     0.91300000 -2.2159355E-06    0.086933085
     0.91400000  2.1961276E-06    0.085934208
     0.91500000 -2.1655909E-06    0.084935321
     0.91600000  2.1456763E-06    0.083936423
     0.91700000 -2.1152453E-06    0.082937515
     0.91800000  2.0952260E-06    0.081938597
     0.91900000 -2.0648987E-06    0.080939668
     0.92000000  2.0447768E-06    0.079940729
     0.92100000 -2.0145510E-06    0.078941779
     0.92200000  1.9943286E-06    0.077942820
     0.92300000 -1.9642023E-06    0.076943851
     0.92400000  1.9438813E-06    0.075944872
     0.92500000 -1.9138526E-06    0.074945883
     0.92600000  1.8934351E-06    0.073946885
     0.92700000 -1.8635020E-06    0.072947877
     0.92800000  1.8429898E-06    0.071948860
     0.92900000 -1.8131504E-06    0.070949833
     0.93000000  1.7925454E-06    0.069950798
     0.93100000 -1.7627979E-06    0.068951753
     0.93200000  1.7421019E-06    0.067952699
     0.93300000 -1.7124445E-06    0.066953636
     0.93400000  1.6916594E-06    0.065954564
     0.93500000 -1.6620903E-06    0.064955484
     0.93600000  1.6412177E-06    0.063956394
     0.93700000 -1.6117351E-06    0.062957296
     0.93800000  1.5907769E-06    0.061958190
     0.93900000 -1.5613791E-06    0.060959075
     0.94000000  1.5403369E-06    0.059959952
     0.94100000 -1.5110223E-06    0.058960820
     0.94200000  1.4898977E-06    0.057961681
     0.94300000 -1.4606646E-06    0.056962533
     0.94400000  1.4394594E-06    0.055963377
     0.94500000 -1.4103061E-06    0.054964213
     0.94600000  1.3890218E-06    0.053965042
     0.94700000 -1.3599469E-06    0.052965862
     0.94800000  1.3385851E-06    0.051966675
     0.94900000 -1.3095869E-06    0.050967480
     0.95000000  1.2881491E-06    0.049968278
     0.95100000 -1.2592261E-06    0.048969068
     0.95200000  1.2377138E-06    0.047969851
     0.95300000 -1.2088646E-06    0.046970627
     0.95400000  1.1872793E-06    0.045971395
     0.95500000 -1.1585023E-06    0.044972156
     0.95600000  1.1368455E-06    0.043972910
     0.95700000 -1.1081394E-06    0.042973656
     0.95800000  1.0864124E-06    0.041974396
     0.95900000 -1.0577757E-06    0.040975129
     0.96000000  1.0359800E-06    0.039975855
     0.96100000 -1.0074114E-06    0.038976575
     0.96200000  9.8554827E-07    0.037977287
     0.96300000 -9.5704638E-07    0.036977993
     0.96400000  9.3511720E-07    0.035978692
     0.96500000 -9.0668071E-07    0.034979385
     0.96600000  8.8468679E-07    0.033980072
     0.96700000 -8.5631440E-07    0.032980752
     0.96800000  8.3425701E-07    0.031981426
     0.96900000 -8.0594746E-07    0.030982093
     0.97000000  7.8382786E-07    0.029982754
     0.97100000 -7.5557990E-07    0.028983410
     0.97200000  7.3339932E-07    0.027984059
     0.97300000 -7.0521174E-07    0.026984702
     0.97400000  6.8297138E-07    0.025985339
     0.97500000 -6.5484297E-07    0.024985970
     0.97600000  6.3254403E-07    0.023986596
     0.97700000 -6.0447363E-07    0.022987215
     0.97800000  5.8211726E-07    0.021987829
     0.97900000 -5.5410371E-07    0.020988438
     0.98000000  5.3169105E-07    0.019989040
     0.98100000 -5.0373324E-07    0.018989637
     0.98200000  4.8126540E-07    0.017990229
     0.98300000 -4.5336221E-07    0.016990815
     0.98400000  4.3084029E-07    0.015991396
     0.98500000 -4.0299065E-07    0.014991972
     0.98600000  3.8041572E-07    0.013992542
     0.98700000 -3.5261856E-07    0.012993107
     0.98800000  3.2999167E-07    0.011993667
     0.98900000 -3.0224595E-07    0.010994222
     0.99000000  2.7956812E-07   0.0099947712
     0.99100000 -2.5187283E-07   0.0089953159
     0.99200000  2.2914508E-07   0.0079958556
     0.99300000 -2.0149922E-07   0.0069963903
     0.99400000  1.7872254E-07   0.0059969202
     0.99500000 -1.5112512E-07   0.0049974453
     0.99600000  1.2830047E-07   0.0039979656
     0.99700000 -1.0075055E-07   0.0029984812
     0.99800000  7.7878878E-08   0.0019989921
     0.99900000 -5.0375502E-08  0.00099949832
      1.0000000  2.7457748E-08  5.8885730E-18
